example_dbsnp_ids <- c("rs498872", "rs2736100", "rs11979158", "rs4295627", "rs6010620", "rs2252586", "rs2157719", "rs4977756", "rs498872", "rs2736100", "rs4295627", "rs2853676", "rs891835", "rs6010620", "rs1412829", "rs6010620", "rs4809324", "rs0", "foo")
